1
1
1
0
(8 0
((0,0,0) (15,15,15) (0,0,0))
((16,0,0) (31,15,15) (0,0,0))
((0,16,0) (15,31,15) (0,0,0))
((16,16,0) (31,31,15) (0,0,0))
((0,0,16) (15,15,31) (0,0,0))
((16,0,16) (31,15,31) (0,0,0))
((0,16,16) (15,31,31) (0,0,0))
((16,16,16) (31,31,31) (0,0,0))
)
8
FabOnDisk: Cell_D_00000 0
FabOnDisk: Cell_D_00000 32857
FabOnDisk: Cell_D_00000 65715
FabOnDisk: Cell_D_00000 98573
FabOnDisk: Cell_D_00000 131432
FabOnDisk: Cell_D_00000 164290
FabOnDisk: Cell_D_00000 197149
FabOnDisk: Cell_D_00000 230008

8,1
1.0000000000000000e+00,
1.0000000000000000e+00,
1.0000000000000000e+00,
1.0000000000000000e+00,
1.0000000000000000e+00,
1.0000000000000000e+00,
1.0000000000000000e+00,
1.0000000000000000e+00,

8,1
1.4038295256337536e+00,
1.4038295256337536e+00,
1.4038295256337536e+00,
1.4038295256337536e+00,
1.4038295256337536e+00,
1.4038295256337536e+00,
1.4038295256337536e+00,
1.4038295256337536e+00,

